((-804.1791798191063, 207.81139231370207, 100.82602527985537, 1.080075821502287, 2.9241898277603076), (22, 37))
((445.2838270828339, -219.58725678026994, 60.72597985535514, 1.2372026834814234, 4.700711429817936), (13, 448))
((28.900967583766487, 186.0147653964946, 53.926204807683675, 0.8091011964751759, 2.4881205423432093), (6, 264))
((54.66204426676377, -204.8739275463493, 63.33256446694186, 0.3009030199817448, 4.784433523548466), (26, 38))
((-276.6388618444835, -172.91673584073303, 64.06164711264951, 0.7021672962505529, 3.5794321432537335), (2, 97))
((-293.2981038092687, -342.6142366985594, 84.05308937571644, 0.769240658090573, 3.6455926453464778), (5, 337))
((1059.8482155516872, -12.342499757119068, 92.7403150231108, 0.9179790361715304, 6.25914011946085), (8, 214))
((243.41982032538493, 734.6966721766527, 87.54414495833241, 0.5922196071730447, 1.6754295162543487), (15, 319))
((44.14085073578304, -183.23273017056047, 46.98885070185481, 0.563315421977131, 4.713082031711185), (20, 44))
((123.5903212971107, 499.2278985427649, 87.18482787258968, 0.35905269088374436, 1.8559428512538936), (10, 267))
((241.3023802689685, 378.4089746748393, 58.784045452277965, 0.7698205923404787, 1.6324626781316014), (27, 263))
((-224.59278795455162, 736.2874980215911, 94.50930693689874, 1.057423103309511, 1.9337555965784459), (8, 52))
((875.2620965678302, -629.5168708389308, 101.56069576732682, 1.0769790818988203, 5.4717974127700755), (7, 271))
((466.02880948754284, 470.9942751073046, 78.39090931826574, 0.8339218226335882, 0.8250646893917908), (13, 43))
((-156.04092391426695, 428.1856983836266, 80.99370111040365, 1.192875383938336, 2.0538445737426096), (22, 57))
((680.0765329574051, -785.7429590407717, 99.42584283100312, 0.8059199117529869, 5.352131269349506), (22, 79))
((-376.0029250012558, 172.5603469859292, 79.21935802884694, 0.5751790155057165, 2.879071782229235), (21, 188))
((1185.8862426634546, 343.78047649756064, 108.59201028383039, 0.5942811594314478, 0.2926716504011029), (22, 118))
((77.65445551375745, -431.05716510170015, 80.69461530213246, 1.1435709873625943, 4.207070740688407), (7, 320))
((287.92204004005566, -594.3652120019509, 100.84141151095876, 1.231991760461301, 4.420389219786004), (28, 475))
